7f
45
01
01
00
00
00
00
02
00
01
00
74
00
34
00
1c
2b
00
00
34
00
02
00
13
00
01
00
00
00
00
00
00
00
38
18
38
18
05
00
00
10
01
00
38
18
38
28
38
28
3c
04
68
04
06
00
00
10
97
31
93
81
13
85
13
86
33
06
93
05
ef
00
17
15
13
05
ef
00
ef
00
03
25
93
05
13
06
ef
00
6f
00
67
80
37
35
b7
37
13
07
93
87
63
8c
37
03
13
03
63
06
13
05
67
00
67
80
b7
37
37
35
93
85
93
07
b3
85
93
d5
93
d7
b3
85
93
d5
63
8c
37
03
13
03
63
06
13
05
67
00
67
80
03
c7
63
16
13
01
23
24
23
26
13
84
ef
f0
b7
07
93
87
63
8a
37
25
13
05
97
00
e7
80
93
07
23
8c
83
20
03
24
13
01
67
80
67
80
b7
07
93
87
63
86
b7
35
37
25
13
01
93
85
13
05
23
26
97
00
e7
80
83
20
13
01
6f
f0
13
01
23
26
23
24
23
22
23
20
23
2e
23
2c
23
2a
23
28
23
26
23
24
23
22
23
20
13
04
23
26
23
24
23
22
23
2c
23
aa
23
2e
6f
00
83
27
93
97
13
07
b3
07
23
ae
83
27
93
87
23
2e
03
27
93
07
e3
dc
b7
f7
93
87
23
20
23
2e
6f
00
b7
17
03
27
13
17
93
87
b3
07
03
a7
83
27
93
97
93
06
b3
87
23
ae
83
27
93
87
23
2e
03
27
93
07
e3
d0
b7
07
23
22
83
27
93
d7
13
f7
b7
17
13
17
93
87
b3
07
83
a7
23
2a
83
27
93
87
23
22
83
27
93
d7
23
28
83
27
13
07
63
82
13
07
63
80
63
94
83
27
93
f7
23
24
83
27
93
d7
93
f7
23
22
83
27
93
d7
93
f7
23
20
83
27
93
d7
93
f7
23
2e
83
27
93
d7
93
f7
23
2c
03
27
93
07
63
ea
83
27
13
97
b7
17
93
87
b3
07
83
a7
67
80
83
27
93
97
13
07
b3
07
03
a7
83
27
93
97
93
06
b3
87
83
a7
33
07
83
27
93
97
93
06
b3
87
23
ae
6f
00
83
27
93
97
13
07
b3
07
03
a7
83
27
93
97
93
06
b3
87
83
a7
33
07
83
27
93
97
93
06
b3
87
23
ae
6f
00
83
27
93
97
13
07
b3
07
83
a7
13
8b
93
d7
93
8b
83
27
93
97
13
07
b3
07
83
a7
13
8c
93
d7
93
8c
13
06
93
86
13
05
93
85
ef
00
93
07
13
88
23
28
23
2a
83
27
23
24
83
27
13
d9
83
27
93
d9
23
26
6f
00
83
27
93
97
13
07
b3
07
83
a7
13
8d
93
0d
83
27
93
97
13
07
b3
07
83
a7
23
2c
23
2e
03
26
83
26
13
05
93
85
ef
00
93
07
13
88
23
28
23
2a
83
27
23
24
83
27
13
da
83
27
93
da
23
26
6f
00
83
27
93
97
13
07
b3
07
03
27
23
ae
6f
00
83
27
93
97
13
07
b3
07
03
27
23
ae
6f
00
83
27
93
97
13
07
b3
07
03
a7
83
27
93
97
93
06
b3
87
83
a7
33
77
83
27
93
97
93
06
b3
87
23
ae
6f
00
83
27
93
97
13
07
b3
07
03
a7
83
27
93
97
93
06
b3
87
83
a7
33
67
83
27
93
97
93
06
b3
87
23
ae
6f
00
83
27
93
97
13
07
b3
07
03
a7
83
27
93
97
93
06
b3
87
83
a7
33
47
83
27
93
97
93
06
b3
87
23
ae
6f
00
83
27
93
97
13
07
b3
07
03
a7
83
27
33
17
83
27
93
97
93
06
b3
87
23
ae
6f
00
83
27
93
97
13
07
b3
07
03
a7
83
27
33
57
83
27
93
97
93
06
b3
87
23
ae
6f
00
83
27
93
97
13
07
b3
07
03
a7
83
27
93
97
93
06
b3
87
83
a7
33
17
83
27
93
97
93
06
b3
87
23
ae
6f
00
83
27
93
97
13
07
b3
07
03
a7
83
27
93
97
93
06
b3
87
83
a7
33
57
83
27
93
97
93
06
b3
87
23
ae
6f
00
83
27
93
97
13
07
b3
07
03
a7
83
27
93
97
93
06
b3
87
83
a7
b3
27
93
f7
13
87
83
27
93
97
93
06
b3
87
23
ae
6f
00
83
27
93
97
13
07
b3
07
83
a7
13
87
83
27
93
97
93
06
b3
87
83
a7
b3
37
93
f7
13
87
83
27
93
97
93
06
b3
87
23
ae
6f
00
83
27
93
97
13
07
b3
07
83
a7
23
22
6f
00
23
22
13
00
6f
00
03
27
b7
07
93
87
b3
77
23
26
83
27
93
97
23
22
6f
00
03
27
b7
07
93
87
b3
77
23
26
83
27
23
24
83
27
93
97
23
22
6f
00
83
27
23
17
83
27
93
d7
93
f7
23
2e
83
27
93
d7
93
f7
23
2c
03
27
93
07
63
e4
83
27
13
97
b7
17
93
87
b3
07
83
a7
67
80
83
27
93
97
13
07
b3
07
03
a7
83
17
33
07
83
27
93
97
93
06
b3
87
23
ae
6f
00
83
27
93
97
13
07
b3
07
83
a7
03
57
33
f7
83
27
93
97
93
06
b3
87
23
ae
6f
00
83
27
93
97
13
07
b3
07
83
a7
03
57
33
e7
83
27
93
97
93
06
b3
87
23
ae
6f
00
83
27
93
97
13
07
b3
07
83
a7
03
57
33
c7
83
27
93
97
93
06
b3
87
23
ae
6f
00
83
27
93
97
13
07
b3
07
03
a7
83
17
b3
07
93
d7
93
f7
93
97
13
07
b3
07
03
a7
83
27
93
97
93
06
b3
87
23
ae
6f
00
83
27
93
97
13
07
b3
07
03
a7
83
17
b3
07
93
d7
93
f6
83
27
93
97
13
07
b3
07
03
a7
93
97
93
06
b3
87
23
ae
6f
00
83
17
13
97
83
27
93
97
93
06
b3
87
23
ae
6f
00
83
27
93
97
13
07
b3
07
03
a7
83
27
93
97
93
06
b3
87
83
a7
63
10
83
27
13
87
83
17
93
97
b3
07
23
22
6f
00
83
27
93
97
13
07
b3
07
03
a7
83
27
93
97
93
06
b3
87
83
a7
63
00
83
27
13
87
83
17
93
97
b3
07
23
22
6f
00
83
27
93
97
13
07
b3
07
83
a7
63
ca
83
27
13
87
83
17
93
97
b3
07
23
22
6f
00
83
27
93
97
13
07
b3
07
03
a7
83
17
b3
27
93
f7
13
87
83
27
93
97
93
06
b3
87
23
ae
6f
00
83
27
93
97
13
07
b3
07
83
a7
13
87
83
57
b3
37
93
f7
13
87
83
27
93
97
93
06
b3
87
23
ae
6f
00
23
22
6f
00
13
00
6f
00
13
00
6f
00
13
00
13
00
23
26
83
27
93
87
23
2c
83
27
63
9e
83
27
93
87
b3
37
93
f7
13
87
83
a7
33
07
23
aa
23
20
6f
00
83
27
93
97
13
07
b3
07
03
a7
b7
17
83
26
93
96
93
87
b3
87
83
a7
b3
07
b3
37
93
f7
13
87
83
a7
33
07
23
aa
83
27
93
87
23
20
03
27
93
07
e3
d2
83
a7
13
85
83
20
03
24
03
29
83
29
03
2a
83
2a
03
2b
83
2b
03
2c
83
2c
03
2d
83
2d
13
01
67
80
93
82
13
0f
13
85
93
8f
93
05
13
07
93
07
93
03
93
0e
33
88
13
7e
93
98
13
a3
13
57
b3
87
63
08
33
3e
93
03
b3
0e
93
95
b3
67
e3
18
63
08
93
05
ef
00
b3
8e
63
8a
93
85
13
05
ef
00
b3
8e
13
85
93
85
67
80
13
06
13
05
93
f6
63
84
33
05
93
d5
13
16
e3
96
67
80
93
05
93
06
13
06
13
05
6f
00
13
01
93
05
23
24
23
26
13
04
ef
00
b7
37
03
a5
83
27
63
84
e7
80
13
05
ef
00
13
01
b7
37
37
37
23
24
13
07
13
84
33
04
23
22
23
20
23
26
13
54
93
04
13
89
63
1e
03
24
83
20
83
24
03
29
13
01
6f
f0
93
05
13
85
ef
f0
33
05
83
27
93
84
e7
80
6f
f0
13
01
23
24
23
22
37
34
b7
34
93
87
13
04
33
04
23
20
23
26
13
54
93
84
13
09
63
12
b7
34
ef
f0
37
34
93
87
13
04
33
04
13
54
93
84
13
09
63
18
83
20
03
24
83
24
03
29
13
01
67
80
83
a7
13
09
93
84
e7
80
6f
f0
83
a7
13
09
93
84
e7
80
6f
f0
13
08
13
07
63
7e
93
77
63
90
63
92
93
76
13
76
b3
86
23
20
23
22
23
24
23
26
13
07
e3
66
63
14
67
80
b3
06
93
96
97
02
b3
86
67
80
23
07
a3
06
23
06
a3
05
23
05
a3
04
23
04
a3
03
23
03
a3
02
23
02
a3
01
23
01
a3
00
23
00
67
80
93
f5
93
96
b3
e5
93
96
b3
e5
6f
f0
93
96
97
02
b3
86
93
82
e7
80
93
80
93
87
33
07
33
06
e3
78
6f
f0
b7
37
03
a7
13
03
83
27
63
96
93
07
23
24
03
a7
13
08
13
05
63
4a
93
18
63
0c
33
85
23
24
03
a8
13
06
33
16
33
68
23
a4
23
24
93
06
63
18
83
a6
33
e6
23
a6
13
07
23
a2
b3
87
23
a4
13
05
67
80
13
01
b7
37
23
2e
83
a9
23
2c
23
2a
23
28
23
26
23
24
23
22
23
20
23
26
93
0a
13
8a
13
0b
83
a4
63
8c
03
a4
13
09
13
14
33
84
63
58
83
20
03
24
83
24
03
29
83
29
03
2a
83
2a
03
2b
83
2b
13
01
67
80
63
0c
83
27
63
88
13
09
13
04
6f
f0
03
a7
83
27
13
07
63
1c
23
a2
e3
80
83
a6
33
17
83
ab
b3
76
63
92
e7
80
03
a7
83
a7
e3
14
e3
8c
6f
f0
23
22
6f
f0
83
a6
83
25
33
77
63
18
13
85
e7
80
6f
f0
13
85
e7
80
6f
f0
83
a7
23
10
83
a7
23
11
83
a7
23
22
83
a7
23
14
83
a7
23
15
83
a7
23
16
83
a7
23
17
83
a7
23
28
83
a7
23
28
83
a7
23
26
83
a7
23
2a
83
a7
23
2e
83
a7
23
22
67
80
13
01
23
24
23
26
13
04
ef
00
b3
07
83
20
03
24
23
20
13
05
13
01
67
80
93
08
13
85
93
05
13
86
93
06
73
00
63
54
6f
f0
67
80
93
06
13
07
13
86
93
05
13
05
6f
f0
13
87
93
06
13
86
93
05
13
05
6f
f0
93
06
13
07
13
86
93
05
13
05
6f
f0
93
06
13
07
13
86
93
05
13
05
6f
f0
93
06
13
07
13
86
93
05
13
05
6f
f0
13
01
23
2a
13
06
93
84
13
07
93
05
93
06
13
05
23
2e
23
2c
ef
f0
13
04
93
05
13
85
ef
f0
13
05
83
20
03
24
83
24
13
01
67
80
13
01
23
2a
13
06
93
84
13
07
93
05
93
06
13
05
23
2e
23
2c
ef
f0
13
04
93
05
13
85
ef
f0
13
05
83
20
03
24
83
24
13
01
67
80
13
01
23
2a
13
06
93
84
13
07
93
05
93
06
13
05
23
2e
23
2c
ef
f0
13
04
93
05
13
85
ef
f0
13
05
83
20
03
24
83
24
13
01
67
80
13
01
23
2a
13
87
93
04
93
06
13
86
93
05
13
05
23
2e
23
2c
ef
f0
13
04
93
05
13
85
ef
f0
13
05
83
20
03
24
83
24
13
01
67
80
13
86
13
07
93
05
93
06
13
05
6f
f0
13
87
93
06
13
86
93
05
13
05
6f
f0
93
05
13
07
93
06
13
06
13
05
6f
f0
13
86
13
07
93
05
93
06
13
05
6f
f0
93
05
13
07
93
06
13
06
13
05
6f
f0
13
01
23
26
ef
00
83
20
93
07
23
20
13
05
13
01
67
80
13
01
23
26
ef
00
83
20
93
07
23
20
13
05
13
01
67
80
13
05
67
80
13
01
23
26
ef
00
83
20
93
07
23
20
13
05
13
01
67
80
13
01
23
26
ef
00
83
20
93
07
23
20
13
05
13
01
67
80
13
01
93
05
23
26
ef
f0
93
07
63
08
03
25
13
55
13
75
83
20
13
01
67
80
93
05
13
07
93
06
13
06
13
05
6f
f0
13
01
23
2c
83
a7
23
2a
23
2e
93
04
63
98
93
05
13
85
ef
f0
93
05
13
05
ef
f0
83
a7
03
25
b7
45
93
85
33
05
ef
f0
13
84
03
27
83
27
83
20
03
24
b3
87
33
05
23
a0
23
a4
23
a6
23
a2
13
05
83
24
13
01
67
80
23
12
23
20
13
05
67
80
13
05
67
80
13
05
67
80
13
05
67
80
13
05
67
80
13
05
67
80
93
07
63
06
13
05
67
80
37
45
13
05
67
80
13
01
23
24
83
a7
23
22
23
26
93
04
63
90
13
07
93
06
13
06
93
05
13
05
ef
f0
93
07
63
1e
13
05
83
20
03
24
83
24
13
01
67
80
23
a6
83
a5
13
07
93
06
b3
85
13
06
13
05
ef
f0
83
a7
b3
84
e3
10
23
a6
13
85
6f
f0
13
01
93
05
13
07
93
06
13
06
13
05
23
26
ef
f0
6f
00
03
a5
67
80
00
00
04
00
04
00
80
10
21
30
16
00
00
00
0a
00
0c
00
01
10
00
00
80
48
21
48
00
00
80
58
21
58
00
00
2a
68
03
00
00
00
00
00
08
00
f4
ff
08
00
04
00
00
00
00
00
08
00
0b
00
01
00
08
00
06
00
00
00
00
00
09
00
01
00
1e
00
01
00
1b
00
08
00
04
00
00
00
0c
00
08
00
16
00
05
00
f7
ff
03
00
ef
ff
26
00
00
00
0b
00
ef
ff
f7
ff
00
00
03
00
05
00
0b
00
16
00
26
00
e4
05
8c
07
18
06
8c
07
4c
06
8c
07
90
06
8c
07
70
07
8c
07
8c
07
8c
07
8c
07
8c
07
8c
07
8c
07
e0
04
8c
07
fc
04
8c
07
8c
07
8c
07
8c
07
8c
07
e0
03
64
04
8c
07
8c
07
8c
07
8c
07
8c
07
8c
07
8c
07
58
03
8c
07
9c
03
18
05
5c
05
a0
05
8c
07
8c
07
8c
07
d4
06
20
07
00
0b
50
0a
00
0b
00
0b
c0
09
08
0a
00
0b
00
0b
00
0b
38
08
84
0a
c0
0a
6c
08
a0
08
d4
08
a0
09
00
0b
00
0b
00
0b
00
0b
00
0b
00
0b
00
0b
00
0b
00
0b
00
0b
00
0b
00
0b
00
0b
00
0b
00
0b
00
0b
00
0b
00
0b
00
0b
08
09
00
0b
00
0b
00
0b
00
0b
00
0b
00
0b
00
0b
54
09
00
00
00
00
00
00
00
00
00
00
00
00
00
00
00
00
00
00
00
00
00
00
00
00
00
00
00
00
00
00
00
00
00
00
00
00
00
00
00
00
00
00
00
00
00
00
00
00
00
00
00
00
00
00
00
00
00
00
00
00
00
00
00
00
00
00
00
00
00
00
00
00
00
00
00
00
00
00
00
00
00
00
00
00
00
00
00
00
00
00
00
00
00
00
00
00
00
00
00
00
00
00
00
00
00
00
00
00
00
00
00
00
00
00
00
00
00
00
00
00
00
00
00
00
00
00
00
00
00
00
00
00
00
00
00
00
00
00
00
00
00
00
00
00
00
00
00
00
00
00
00
00
00
00
00
00
00
00
00
00
00
00
00
00
00
00
00
00
00
00
00
00
00
00
00
00
00
00
00
00
00
00
00
00
00
00
00
00
00
00
00
00
00
00
00
00
00
00
00
00
00
00
00
00
00
00
00
00
00
00
00
00
00
00
00
00
00
00
00
00
00
00
00
00
00
00
00
00
00
00
00
00
00
00
00
00
00
00
00
00
00
00
00
00
00
00
00
00
00
00
00
00
00
00
00
00
00
00
00
00
00
00
00
00
00
00
00
00
00
00
00
00
00
00
00
00
00
00
00
00
00
00
00
00
00
00
00
00
00
00
00
00
00
00
00
00
00
00
00
00
00
00
00
00
00
00
00
00
00
00
00
00
00
00
00
00
00
00
00
00
00
00
00
00
00
00
00
00
00
00
00
00
00
00
00
00
00
00
00
00
00
00
00
00
00
00
00
00
00
00
00
00
00
00
00
00
00
00
00
00
00
00
00
00
00
00
00
00
00
00
00
00
00
00
00
00
00
00
00
00
00
00
00
00
00
00
00
00
00
00
00
00
00
00
00
00
00
00
00
00
00
00
00
00
00
00
00
00
00
00
00
00
00
00
00
00
00
00
00
00
00
00
00
00
00
00
00
00
00
00
00
00
00
00
00
00
00
00
00
00
00
00
00
00
00
00
00
00
00
00
00
00
00
00
00
00
00
00
00
00
00
00
00
00
00
00
00
00
00
00
00
00
00
00
00
00
00
00
00
00
00
00
00
00
00
00
00
00
00
00
00
00
00
00
00
00
00
00
00
00
00
00
00
00
00
00
00
00
00
00
00
00
00
00
00
00
00
00
00
00
00
00
00
00
00
00
00
00
00
00
00
00
00
00
00
00
00
00
00
00
00
00
00
00
00
00
00
00
00
00
00
00
00
00
00
00
00
00
00
00
00
00
00
00
00
00
00
00
00
00
00
00
00
00
00
00
00
00
00
00
00
00
00
00
00
00
00
00
00
00
00
00
00
00
00
00
00
00
00
00
00
00
00
00
00
00
00
00
00
00
00
00
00
00
00
00
00
00
00
00
00
00
00
00
00
00
00
00
00
00
00
00
00
00
00
00
00
00
00
00
00
00
00
00
00
00
00
00
00
00
00
00
00
00
00
00
00
00
00
00
00
00
00
00
00
00
00
00
00
00
00
00
00
00
00
00
00
00
00
00
00
00
00
00
00
00
00
00
00
00
00
00
00
00
00
00
00
00
00
00
00
00
00
00
00
00
00
00
00
00
00
00
00
00
00
00
00
00
00
00
00
00
00
00
00
00
00
00
00
00
00
00
00
00
00
00
00
00
00
00
00
00
00
00
00
00
00
00
00
00
00
00
00
00
00
00
00
00
00
00
00
00
00
00
00
00
00
00
00
00
00
00
00
00
00
00
00
00
00
00
00
00
00
00
00
00
00
00
00
00
00
00
00
00
00
00
00
00
00
00
00
00
00
00
00
00
00
00
00
00
00
00
00
00
00
00
00
00
00
00
00
00
00
00
00
00
00
00
00
00
00
00
00
00
00
00
00
00
00
00
00
00
00
00
00
00
00
00
00
00
00
00
00
00
00
00
00
00
00
00
00
00
00
00
00
00
00
00
00
00
00
00
00
00
00
00
00
00
00
00
00
00
00
00
00
00
00
00
00
00
00
00
00
00
00
00
00
00
00
00
00
00
00
00
00
00
00
00
00
00
00
00
00
00
00
00
00
00
00
00
00
00
00
00
00
00
00
00
00
00
00
00
00
00
00
00
00
00
00
00
00
00
00
00
00
00
00
00
00
00
00
00
00
00
00
00
00
00
00
00
00
00
00
00
00
00
00
00
00
00
00
00
00
00
00
00
00
00
00
00
00
00
00
00
00
00
00
00
00
00
00
00
00
00
00
00
00
00
